Time: 2017_3_24_13_12_48
Iterations: 1
Hyperparameters: [  1.00000000e+00   1.00000000e+00   1.00000000e-04] Training Accuracy: 0.960000 || Mean Sum of Probabilities: 1.000000 || Complexity: 13.924139
